  140.3000  151.4400
  198.7300  153.5400
  198.7300  153.5400
  192.3300   70.8600
   56.4700  329.0100
   96.6900  101.9600
   93.9600  230.6700
  179.2700  317.7500
  243.5000  339.2700
  241.0900  296.4100
  185.1700  378.8800
  167.7100  352.1700
  157.7500  213.3500
  101.1400  342.5200
   34.4100  389.8300
  241.2800  371.3200
  150.9500  311.3500
  135.2500  284.1500
  129.0100  328.4000
  117.5300  307.7600
  106.4900  170.8100
  106.4900  170.8100
   97.4300  407.0900
   86.0000  428.5000
  159.4500   50.3800
  159.9600  388.9400
  153.6200  415.9000
  138.5100  259.1000
  138.5100  259.1000
  111.5500  150.3700
  111.5500  150.3700
   86.0000  428.5000
   71.2000  437.2700
  177.7600  181.4800
  177.7600  181.4800
  169.4600  115.7800
  167.8600   33.9900
  169.3500  412.2200
  159.9000  101.1600
  145.9700  342.3500
  145.9700  342.3500
  136.3700  377.8700
  124.6100   90.3700
   97.3000  193.0600
   97.3000  193.0600
  191.6300  183.1800
  172.1000  397.0300
  165.3200  174.7600
  157.0900  290.5100
  110.2100  237.1500
   94.1100  326.7700
   86.7000  435.2900
   27.8100  427.7100
   27.8100  427.7100
  224.9200  320.4400
  193.6900  329.2500
  176.0600  374.9700
  161.6300   21.7600
  159.5800   36.1000
  158.1800  259.8200
  157.2600  275.5400
  141.9200   39.5000
  141.9200   39.5000
  121.1000  212.5800
  113.9300  314.2800
  103.8600  179.2100
  102.6900  434.3000
   87.3700  382.9600
   65.2300  407.6700
   18.1500  385.1700
  293.4700   94.7100
  173.7300  386.6000
  167.4000   44.0000
  166.0500  390.1000
  163.5000  134.2400
  163.1300  440.1300
  161.2200  259.7400
  154.4400   14.2900
  158.0900  342.4400
  157.6400  330.7300
  155.1500  173.4900
  149.5800   32.3800
  149.8900  266.2100
  148.9800  282.4600
  141.5300   14.0400
  140.7100  139.8700
  144.0700  352.9100
  141.8300  419.5400
  124.1000  117.5900
  124.0400  245.5300
  118.2800  127.8000
  122.7800  272.6100
  111.4900  347.8000
  107.1600  342.8800
  100.9800  440.7500
   87.9000  193.8600
   87.9000  193.8600
   92.9500  351.2400
   91.2100  422.3600
   87.8000  343.9900
   84.1900  322.2700
   87.3700  409.0500
   87.3700  409.0500
   78.6600  343.8900
   78.6600  343.8900
   73.0100  432.3300
   58.4200  363.8800
   62.0500  438.8000
   51.0300  396.0300
   47.4400  389.0800
   44.2900  400.0500
   44.2900  400.0500
   11.6200  422.0600
  322.3200  185.2800
  322.3200  185.2800
  256.5900  112.6500
  224.2800  108.1900
  198.2600  417.9800
  186.0900  186.8300
  185.4100  325.6500
  179.5100  388.9500
  172.8400  199.2500
  172.5300  221.2300
  169.4000  107.0800
  162.1300  248.3900
  158.9000  149.0900
  155.8800  119.6300
  155.8800  119.6300
  154.5200  362.2800
  150.7900  384.9300
  147.8500  389.5200
  147.6500  359.1200
  147.6500  359.1200
  126.4900  165.3400
  118.9200  110.3200
  119.8700  309.0200
  116.9600  267.7700
  116.9600  267.7700
  117.5400  262.6600
  117.5400  262.6600
  115.9400  278.7200
  115.9400  278.7200
  106.3700  206.9000
  107.4000  258.4500
  102.9900  149.4400
  108.1600  333.9100
  105.5700  350.9300
   93.4400  406.9100
   93.0800  432.6400
   90.2300  373.3600
   86.1600  363.6900
   79.0800  375.0800
   58.3200  444.0200
   58.3200  444.0200
   45.7900  405.5500
   42.8100  368.1600
   43.1700  394.1800
  284.5600  237.7000
  231.0500  312.1500
  229.6900  287.1500
  193.2800  419.1800
  175.4400  134.4900
  169.4000  107.0800
  169.2200  175.4500
  166.1800  419.4200
  163.5900  303.9500
  163.2800  286.3800
  162.3000  193.5500
  159.2000  364.8600
  158.9700  360.1300
  154.5200  362.2800
  146.8000  146.0200
  146.8000  146.0200
  149.4400  368.9100
  143.9700  193.6700
  147.8500  389.5200
  139.0400    6.6600
  129.7500  210.9400
  121.8100  215.1400
  117.6200  239.1500
  115.1600  180.2000
  115.1600  180.2000
  114.7400  165.4800
  119.3200  308.2200
  104.5800  277.0700
  104.5800  277.0700
   99.7600  400.9100
   84.0700  367.7600
   76.2800  417.9100
   76.2800  417.9100
   69.5300  416.8200
   69.5300  416.8200
   66.2200  386.8600
   63.4600  360.2700
   63.1600  370.0900
   51.4500  400.7600
   40.6900  436.2700
   40.6900  436.2700
   34.7300  397.6900
   33.9500  393.5500
   30.4600  379.6100
   24.6100  414.3100
   24.8300  410.3200
   22.0000  394.8300
   22.0000  394.8300
   11.0800  437.5900
  272.5000  350.6200
  270.3100  376.7600
  222.1800  135.4100
  209.8700  238.7400
  180.2600  404.5500
  180.1700  395.5800
  178.4000  375.1800
  170.8600  168.5100
  170.5100  440.7300
  165.0800  292.0900
  165.5700  410.2600
  165.2400  438.3100
  162.6400  418.4600
  162.2100  421.9700
  159.7900  267.7100
  159.3200  273.8600
  153.6600  267.8900
  150.9700  377.4700
  149.1400  339.3400
  150.4000  407.0000
  146.5700  400.4100
  143.7800  386.2000
  139.2900  219.3600
  141.4000  368.6600
  135.9300  423.0500
  126.3700  304.3600
  121.6900  264.2400
  119.2300  208.2700
  120.6200  270.4500
  119.4000  281.5700
  116.0800  210.3600
  104.3900  219.5000
   96.9400   25.5000
  102.7600  261.9700
  102.3000  291.7600
  101.2300  274.2000
   95.9800  202.1400
  100.0200  309.4000
  100.0200  309.4000
   99.5900  288.5500
   96.7900  315.7600
   96.7900  315.7600
   94.5400  353.2100
   90.7600  403.2300
   88.2100  360.0400
   87.4200  398.3900
   83.6400  404.1500
   81.1500  423.1600
   81.2600  409.3200
   77.4600  407.1700
   75.1900  386.5800
   73.6300  381.9000
   72.5500  368.8100
   72.5500  368.8100
   68.2900  428.8800
   61.0500  438.0400
   56.4100  398.0200
   55.1600  446.9900
   46.0800  418.9600
   45.5300  425.5700
   45.5300  425.5700
   37.5500  368.9000
   37.5500  368.9000
   42.0900  423.0500
   39.1100  445.4700
   31.0000  397.9000
   26.6900  403.6700
   25.7600  418.1700
   26.4200  444.3100
   22.5600  447.4600
   15.7000  405.0000
   13.7300  430.1700
  284.7800  232.1100
  265.7100  229.7500
  262.0800  317.6000
  228.0300  318.9500
  227.8900  312.9900
  197.5200   92.5400
  179.2200  400.8900
  177.5500  414.7900
  172.6500  427.1000
  171.7000  390.7700
  168.9800  400.8600
  164.9400  179.0400
  163.4600  109.4200
  166.4300  416.6400
  163.9900  434.1700
  159.4000  284.2500
  158.6500  279.3400
  156.1100  186.4200
  152.1700  118.3400
  147.1900  123.8700
  147.4800  404.9100
  135.0000    7.5600
  143.6100  417.4100
  143.6000  427.1800
  140.6200  344.8400
  140.6200  344.8400
  133.5700  312.5100
  133.5700  312.5100
  127.3500  224.0700
  133.0000  424.8900
  123.8900  133.2700
  119.1600   67.0100
  118.3800   44.8000
  119.1700  128.0800
  117.1200   93.4800
  119.2500  165.0500
  119.3300  178.0400
  118.7700  217.5900
  113.6800  134.4300
  113.3300  244.0000
  110.4500  159.9700
  110.4500  159.9700
  109.9400  167.5400
  108.4100  122.0000
  105.5300   34.5900
  109.0100  171.1400
  105.5100  173.7000
  105.5100  173.7000
  105.1200  204.9800
  101.9000  367.6000
   94.1700  341.1600
   95.5100  423.5700
   92.8900  423.8900
   90.7000  394.9400
   82.1200  272.9900
   87.1900  393.1800
   87.1900  393.1800
   82.7100  333.2300
   81.7900  337.9200
   79.9700  402.8000
   73.8200  344.2200
   73.8200  344.2200
   72.3000  391.5800
   69.1400  382.3900
   69.1400  382.3900
   62.4700  363.9600
   62.7700  423.0200
   56.2300  403.3600
   53.5500  368.5200
   48.4300  409.0700
   48.4300  409.0700
   46.0400  445.0500
   39.0600  360.0700
   42.0700  426.0000
   41.1300  420.0700
   41.1300  420.0700
   38.4900  396.2800
   38.4900  442.5700
   13.8000  443.0700
    5.4100  390.6000
