  144.7400  282.3700
  193.5200  210.2600
  112.5700  165.2300
  170.9100  223.9400
  139.6600  214.0400
  170.3900  142.4700
  152.2900  112.3900
  131.5700   66.0100
   80.0500  100.9400
  115.8200  213.2800
  115.8200  213.2800
  109.5200   86.1100
   96.3300   61.7500
   92.0000  195.2800
   77.5700  129.5700
   77.5700  129.5700
   65.2800  314.3700
  279.5600  226.3500
  164.4100  303.0000
  145.1900  152.7300
  144.7900  356.0700
  139.4800  181.4500
   81.1500  172.7300
   71.0600  194.8200
   26.7300  222.6200
  303.6400  196.0000
  180.6700  306.5600
  140.1900   41.9100
  132.1100  143.1900
  132.1100  143.1900
  128.8200  102.0700
  128.8200  102.0700
  119.6200  141.2900
   56.2000  203.8800
  154.0900  201.1300
  154.8700  177.9100
  140.7800  339.7500
   71.4900   84.3700
   65.9200  351.9600
   39.1700  209.2200
  161.6200  138.3300
  130.0400   30.4600
  100.1900   17.6400
   92.4200   70.0800
   89.2300  288.2700
   89.2300  288.2700
   87.1400  102.8200
   72.2000  201.9300
   72.0500  112.4200
   68.8000  147.7300
   60.4000   79.0000
   48.0700  173.6800
   46.1700  321.5200
   25.3800  239.0300
    7.4500  253.9600
  257.5400  264.9500
  244.9100  286.5600
  212.9900  230.5400
  159.0900  150.9000
  151.7700  328.9400
  141.7600  101.9500
  141.2600   88.6000
  132.8200  361.2600
  133.2000  349.2400
  128.2100   95.4100
  127.4000  185.7300
  109.7400  233.3800
   97.2000  235.3800
   92.6400  108.5100
   92.8200   11.4500
   92.8200   11.4500
   92.4500   25.9700
   92.4500   25.9700
   90.1900  136.3200
   88.2600  200.8900
   75.8300  189.0300
   71.0400  174.8400
   71.0400  174.8400
   71.1600  137.2100
   66.1000  103.9400
   63.3400  306.8400
   58.9100  259.2700
   58.0200   94.4700
   49.4200  294.9100
   41.9200  277.3200
   39.6400  238.6100
   36.1600  126.7500
   27.7200  154.2100
   25.4600  165.9400
   24.4200  268.8400
   15.4600  266.8700
  326.0200  147.6500
  291.1900   93.4500
  240.4700  297.1200
  220.8200  229.8400
  171.4500   81.5700
  167.4300  329.9200
  149.4500  206.0500
  146.1400   35.4900
  135.2400  149.1200
  130.9100  121.5200
  130.9100  121.5200
   88.6600  278.2300
   87.5400   92.3700
   87.0100  207.0900
   76.7800  288.5500
   76.9900  172.4600
   75.6500  295.6800
   65.8100  126.4200
   62.5400  121.7200
   62.0800  333.0700
   59.4700  139.1200
   54.6100  307.7100
   53.8100  278.8400
   41.9900  288.0000
   38.8400  328.4700
   37.9000  282.3000
   31.6500  269.6000
   31.6500  269.6000
   32.2500  161.8300
   24.0300  159.5800
   20.5600  131.4400
    5.0900  242.9200
  262.2500  258.0800
  220.0600   57.9000
  183.8300  311.2000
  168.0800  317.5100
  165.2700  153.3800
  154.1800  218.7900
  151.2100  196.2600
  149.4400  169.9300
  146.6200   56.5600
  143.7200  127.2300
  141.3300   11.8500
  141.0500   19.6300
  138.6800  124.6300
  135.2600   12.2300
  133.5400  131.5800
  132.3900  154.1000
  129.6100  159.4700
  110.7300  329.1800
   98.2400    7.1700
   97.0300   29.2800
   87.7700  319.0500
   78.8300  205.8700
   78.7700  200.0200
   79.0600   23.8200
   79.0600   23.8200
   77.9700  113.5900
   77.9500   42.4600
   75.5800  333.0200
   75.3500  295.4900
   73.8700   71.5300
   73.8700   71.5300
   67.2200  294.6700
   65.8800  160.6200
   63.9800  131.3100
   62.7700  145.0900
   60.3300  184.4600
   60.3300  184.4600
   59.9100  337.7300
   51.2100  301.7400
   51.2100  301.7400
   47.4600  279.6200
   44.7000  211.1500
   44.7000  211.1500
   42.2200  133.6300
   41.1500  122.6900
   33.4700  166.7500
   30.7400  145.5000
   15.1800  163.5100
   12.4900  250.3800
   10.9200  341.5700
   10.9200  341.5700
    5.4500  248.9200
  342.0900  133.2900
  287.4100  223.0700
  268.7800  247.5000
  263.9000  108.1800
  260.0200  137.0900
  245.4600  288.1600
  225.4900  309.5600
  225.0400  301.3400
  224.3700  287.1700
  224.6900  223.4300
  217.6200   66.1800
  176.1500  364.0800
  166.0800  160.0100
  164.0500  138.6500
  152.0200  185.4200
  151.2700  175.9700
  148.4300  184.5400
  148.3500   42.6700
  140.4100   26.7400
  132.1900   98.8100
  130.8800  218.2500
  130.9900  180.3500
  128.1300  150.7900
  127.0800  141.4800
  113.9800   67.3400
  113.9800   67.3400
  105.8500   57.3200
  104.4300  230.1600
  104.4300  230.1600
   76.7600   63.5500
   76.7600   63.5500
   74.7500   38.0100
   74.1200  114.8300
   72.5500  138.4300
   70.2300  164.2300
   68.9400  364.6300
   66.5700  170.1700
   65.9000  189.6100
   60.4500  173.4200
   59.0100   96.8500
   56.5000  151.4300
   55.4600  212.4900
   55.4600  212.4900
   54.5300  291.9300
   53.3200   18.1000
   53.1600  195.6400
   52.0700  132.1800
   52.0700  132.1800
   51.0100  104.0600
   51.0100  104.0600
   47.3100  152.0300
   46.4500  330.8400
   46.5300  204.8200
   46.5300  204.8200
   46.1900  540.7500
   41.6900  334.2400
   41.5100  213.9800
   37.5300  227.7400
   37.0300  154.7600
   34.9600  322.7800
   25.9000  203.4800
   25.9000  203.4800
   25.9400  189.9200
   25.2700  212.5800
   21.3100  266.8200
   17.9000  224.9500
   15.4000  235.4300
   15.4000  235.4300
   15.2600  132.3900
   14.1500  159.0100
   12.3300  211.6100
   11.7500  163.7100
   10.7400  332.7500
    9.5200  263.4500
    9.5200  263.4500
    9.0200  201.7800
    9.0200  201.7800
    8.7800  143.8700
    8.7800  143.8700
    8.5900  253.2400
    7.5300  259.4300
    7.5300  259.4300
    7.5600  180.8700
    7.6400  169.8100
    4.7900  256.7500
    4.7900  256.7500
  317.9400  172.2200
  232.0700  314.9500
  227.4000  298.6700
  224.4100  291.4500
  224.5400  228.5700
  207.5100  239.0700
  207.5100  239.0700
  171.7800  314.8200
  166.7600  205.4100
  166.2600  169.9800
  165.3100  165.8700
  164.9600  177.6400
  157.2900  155.3400
  156.3200  207.4900
  155.8800  172.3100
  154.6400  166.1100
  152.9500  190.9300
  152.3100  226.7700
  148.2100  222.3500
  148.1100  188.2700
  142.7600  377.2200
  134.1400  329.0000
  132.6100  170.4600
  132.6100  170.4600
  131.5900  165.6900
  129.2600  193.5000
  129.6200  168.4800
  129.1200  183.6500
  125.6800  181.4300
  121.3200  189.2900
  118.7100  191.2700
  106.6700  227.0300
  106.6700  227.0300
  105.1500  345.0400
   89.6900  346.5300
   89.6900  346.5300
   86.1000  344.9900
   84.1300  279.1200
   83.0800  130.5100
   81.0300  349.2200
   80.3800  189.8500
   73.7500  169.1600
   69.5300  158.5100
   69.5300  158.5100
   69.1000  184.6100
   69.1000  184.6100
   68.5500  288.1900
   68.0400  122.4300
   65.8700  373.8800
   66.1500  295.6500
   64.8300  175.5100
   64.1100  289.6700
   62.8800  168.6000
   62.4500  301.3800
   61.0200  198.0700
   59.0000  158.4200
   59.0000  158.4200
   57.9600  291.2500
   57.9600  291.2500
   55.8000   16.1900
   54.4500  146.6100
   53.8700  156.8100
   50.6000  281.9400
   50.2700  126.3400
   50.2700  126.3400
   50.2100  311.9100
   50.2100  311.9100
   49.8400  146.9800
   49.8400  146.9800
   42.2100  363.6000
   40.5900  126.9700
   38.9200  172.5400
   38.1000  169.5300
   38.1400  166.9400
   38.1400  166.9400
   37.9800  163.8000
   36.7700  216.4800
   37.0400  184.6500
   36.4800  270.0900
   35.8200  342.7100
   32.1800  212.0500
   31.6300  341.1600
   29.8100  192.4900
   29.8100  192.4900
   29.4700  185.7100
   27.2200  270.8000
   26.2300  192.9300
   22.1300  271.1600
   21.9300  246.5500
   19.3100  327.6700
   19.4900  269.3200
   19.3700  240.9400
   19.3700  240.9400
   19.0700  218.5400
   18.7300  244.0300
   18.0400  249.2000
   17.1800  262.7700
   17.1800  262.7700
   15.5000  122.4800
   14.1400  337.5500
   14.1400  337.5500
    9.9300  362.8100
    9.1900  243.2400
    8.7300  214.7900
