158.4900  519.8900
  207.8800  442.6000
  128.2600  400.0000
  185.0800  456.9800
  153.3600  447.8200
  185.1700  378.8800
  167.7100  352.1700
  150.9500  311.3500
  101.1400  342.5200
  129.1300  447.2300
  129.1300  447.2300
  129.0100  328.4000
  117.5300  307.7600
  106.2500  428.5100
   96.7600  366.6300
   96.7600  366.6300
   70.3200  556.0300
  295.8700  463.3900
  176.8600  544.4700
  159.9600  388.9400
  154.7000  607.4600
  153.6200  415.9000
   97.4300  407.0900
   86.0000  428.5000
   39.5500  456.0800
  317.2200  434.3800
  194.3500  548.5800
  157.0900  290.5100
  147.8600  379.5000
  147.8600  379.5000
  145.9700  342.3500
  145.9700  342.3500
  136.3700  377.8700
   71.2000  437.2700
  167.8000  435.2900
  169.3500  412.2200
  149.6300  587.6900
   94.1100  326.7700
   67.4600  601.4000
   53.6100  442.0300
  176.0600  374.9700
  148.9800  282.4600
  122.7800  272.6100
  113.9300  314.2800
   97.4100  526.9400
   97.4100  526.9400
  107.1600  342.8800
   86.7000  435.2900
   92.9500  351.2400
   87.3700  382.9600
   84.1900  322.2700
   65.2300  407.6700
   49.2000  564.1200
   36.7600  473.8500
   16.7600  488.6800
  275.1000  504.4500
  261.8000  529.1700
  227.2800  465.8100
  173.7300  386.6000
  162.9400  574.2800
  158.0900  342.4400
  157.6400  330.7300
  140.9200  614.1800
  142.0100  598.8400
  145.3900  336.7000
  141.8300  419.5400
  122.2100  467.5000
  109.5800  469.0200
  111.4900  347.8000
  116.9600  267.7700
  116.9600  267.7700
  115.9400  278.7200
  115.9400  278.7200
  108.3400  373.2000
  102.6900  434.3000
   91.2100  422.3600
   87.3700  409.0500
   87.3700  409.0500
   90.2300  373.3600
   87.8000  343.9900
   69.0100  548.1800
   68.8500  492.9000
   80.9000  335.5000
   55.0800  533.3500
   49.0800  514.1500
   50.8000  472.2000
   58.4200  363.8800
   47.4400  389.0800
   44.2900  400.0500
   31.7500  504.6200
   23.5700  502.0900
  334.7400  388.5800
  297.4300  338.6000
  258.6100  539.6500
  235.5500  463.9900
  185.4100  325.6500
  180.0900  575.7400
  163.1300  440.1300
  163.2800  286.3800
  150.7900  384.9300
  147.6500  359.1200
  147.6500  359.1200
   97.7900  515.3300
  108.1600  333.9100
  100.9800  440.7500
   84.2700  526.8800
   93.4400  406.9100
   82.7700  534.9200
   86.1600  363.6900
   83.0300  359.8000
   64.8300  577.9300
   79.0800  375.0800
   59.2600  548.0300
   61.1900  515.6000
   48.3200  525.5300
   40.6500  572.4800
   44.4700  519.4200
   39.4200  505.4200
   39.4200  505.4200
   51.0300  396.0300
   43.1700  394.1800
   42.8100  368.1600
   15.3100  476.4200
  279.4400  497.0600
  230.0400  306.3800
  197.6500  553.8900
  181.1600  560.2200
  179.5100  388.9500
  167.6900  452.7900
  165.0800  429.9600
  163.8900  404.3700
  163.5900  303.9500
  159.2000  364.8600
  159.7900  267.7100
  159.3200  273.8600
  154.5200  362.2800
  153.6600  267.8900
  149.4400  368.9100
  147.8500  389.5200
  144.8300  394.0400
  118.3000  574.3000
  121.6900  264.2400
  119.4000  281.5700
   93.9500  562.9800
   92.7900  439.0300
   93.0800  432.6400
  104.5800  277.0700
  104.5800  277.0700
   98.2700  352.2300
  102.3000  291.7600
   80.1000  578.3800
   82.7700  534.9200
   96.7900  315.7600
   96.7900  315.7600
   74.1400  533.4000
   83.4900  395.2800
   84.0700  367.7600
   81.6100  380.3500
   76.2800  417.9100
   76.2800  417.9100
   62.3800  582.4100
   56.6600  541.2300
   56.6600  541.2300
   54.9400  516.4700
   58.4600  444.2700
   58.4600  444.2700
   63.1600  370.0900
   63.4600  360.2700
   51.4500  400.7600
   51.2500  381.1800
   34.7300  397.6900
   21.8100  484.5400
    8.3800  587.5500
    8.3800  587.5500
   15.1100  482.8600
  348.9700  375.3100
  302.9800  460.9500
  285.5600  486.2400
  272.5000  350.6200
  270.3100  376.7600
  263.2700  529.6600
  242.8600  553.5700
  242.3800  544.6200
  240.9400  527.7200
  239.1200  459.4800
  227.8900  312.9900
  189.1100  618.1300
  180.1700  395.5800
  178.4000  375.1800
  166.1800  419.4200
  165.5700  410.2600
  162.6400  418.4600
  165.0800  292.0900
  158.6500  279.3400
  149.1400  339.3400
  144.2000  452.1800
  145.6300  414.5100
  143.7800  386.2000
  143.0900  377.6300
  133.5700  312.5100
  133.5700  312.5100
  126.3700  304.3600
  117.0600  464.2500
  117.0600  464.2500
  100.0200  309.4000
  100.0200  309.4000
   99.5900  288.5500
   94.5400  353.2100
   91.3800  374.5200
   87.4200  398.3900
   69.4300  617.6200
   83.6400  404.1500
   81.1500  423.1600
   77.4600  407.1700
   81.7900  337.9200
   75.1900  386.5800
   69.2000  445.7400
   69.2000  445.7400
   60.8900  530.4200
   82.1200  272.9900
   68.2900  428.8800
   72.5500  368.8100
   72.5500  368.8100
   73.8200  344.2200
   73.8200  344.2200
   66.2200  386.8600
   48.4000  575.2600
   61.0500  438.0400
   61.0500  438.0400
  110.4500  159.9700
   43.1600  579.2700
   55.1600  446.9900
   49.7300  461.0200
   56.5000  389.7900
   36.8200  565.5800
   40.6900  436.2700
   40.6900  436.2700
   42.0900  423.0500
   39.1100  445.4700
   29.1800  502.3400
   30.4100  458.0000
   26.7600  468.9100
   26.7600  468.9100
   37.5500  368.9000
   33.9500  393.5500
   26.4200  444.3100
   31.0000  397.9000
    9.5400  576.9400
   17.4100  498.3700
   17.4100  498.3700
   24.0400  434.7500
   24.0400  434.7500
   30.4600  379.6100
   30.4600  379.6100
   17.6400  487.6200
   15.7800  494.0300
   15.7800  494.0300
   24.6100  414.3100
   26.6900  403.6700
   13.2500  491.2100
   13.2500  491.2100
  329.3100  411.1900
  251.5000  559.1700
  244.7200  541.0800
  241.2800  532.6400
  239.4000  464.7900
  222.0500  474.5900
  222.0500  474.5900
  185.0400  558.1600
  180.4800  439.2300
  180.2600  404.5500
  179.2200  400.8900
  178.9900  412.0100
  171.7000  390.7700
  170.5100  440.7300
  170.0300  406.5800
  168.9800  400.8600
  167.0500  424.6700
  165.5600  461.1200
  161.4100  456.9800
  162.2100  421.9700
  151.7900  634.1000
  143.6200  574.5200
  147.4800  404.9100
  147.4800  404.9100
  146.5700  400.4100
  143.6000  427.1800
  144.7200  403.1800
  143.6100  417.4100
  169.4000  107.0800
  135.9300  423.0500
  133.0000  424.8900
  119.4800  460.8000
  119.4800  460.8000
  111.2500  593.8800
   94.0200  594.9000
   94.0200  594.9000
   89.8600  592.8100
   93.2000  516.6700
  101.9000  367.6000
   84.4200  598.4300
   95.5100  423.5700
   90.7600  403.2300
   87.1900  393.1800
   87.1900  393.1800
   84.6600  418.2100
   84.6600  418.2100
   75.9600  526.4800
   88.2100  360.0400
   65.2000  628.8800
   72.9700  534.5800
   81.2600  409.3200
   71.1300  527.6100
   79.9700  402.8000
   68.2400  540.8300
   75.8500  431.5800
   76.8900  392.8800
   76.8900  392.8800
   64.5900  529.3700
   64.5900  529.3700
   84.3900  271.3000
   73.6300  381.9000
   72.3000  391.5800
   57.9000  519.2700
   71.2800  363.5700
   71.2800  363.5700
   54.3900  552.9600
   54.3900  552.9600
   69.1400  382.3900
   69.1400  382.3900
   39.8800  615.2900
   62.4700  363.9600
   56.7600  406.1500
   56.2300  403.3600
   56.2600  401.0000
   56.2600  401.0000
   56.4100  398.0200
   50.3200  449.3900
   53.4200  418.0700
   44.3400  506.0100
   35.2100  589.6000
   46.0400  445.0500
   30.9600  587.2300
   45.5300  425.5700
   45.5300  425.5700
   46.0800  418.9600
   34.7200  506.5000
   42.0700  426.0000
   29.4000  506.9200
   32.1200  480.4200
   19.3200  571.0000
   26.9400  504.9600
   29.9600  474.6300
   29.9600  474.6300
   32.4000  451.5700
   29.1500  477.8600
   27.8000  483.4000
   25.2400  497.7900
   25.2400  497.7900
   39.0600  360.0700
   12.4800  583.1200
   12.4800  583.1200
    4.2800  613.4700
   19.6200  476.9300
   22.5600  447.4600
