  295.4200  273.4400
  225.5000  261.3600
  264.9400  254.9600
  264.9400  254.9600
  258.4100  133.1400
  185.9900  284.6300
  169.8300  203.9800
  154.4600  230.7500
  154.4600  230.7500
  154.4600  230.7500
  143.3000  176.3700
  159.4500  139.6400
  107.8200  306.2100
  271.6700  289.1400
  261.9500  217.8100
  262.6200   96.4300
  241.0500  225.9600
  219.8500  228.4500
  213.0900  287.5900
  212.1400  104.5100
  172.4500   67.1400
  170.1500  101.2400
  159.6900   40.9300
  324.3300  285.0100
  305.8600   74.5900
  280.4500  329.4100
  245.0900  336.9200
  242.8200  276.1900
  239.2100  322.6800
  239.2100  322.6800
  212.3900  169.0100
  203.5600  238.6100
  203.5600  238.6100
  196.1400  293.0700
  199.3600  139.5800
  199.3600  139.5800
  197.0600  115.8000
  193.4400  306.9500
  191.2800  261.6100
  191.2800  261.6100
  181.9900   84.8800
  172.8900  227.6600
  143.1500  316.4800
  122.2600  341.0900
  103.9800  353.1100
   88.5100  331.0300
  305.7400  163.1600
  302.3600  179.7900
  264.9200  172.7300
  257.4700  260.8200
  246.7100  313.5900
  247.7600  125.8800
  220.8500  321.1500
  214.5400  344.4600
  218.7300  213.9500
  201.5600  252.4100
  201.1900  274.5700
  196.6400   89.0600
  187.2700  352.6300
  169.4400  300.9700
  168.8200  362.3400
  155.6200  211.9900
  156.2100  192.9600
  155.7600  160.1800
  153.5700  106.0300
  118.1200  107.6500
   98.4100   32.8700
  304.3000  299.8800
  304.3000  299.8800
  306.4600  115.4800
  261.2400  312.9300
  245.9500  234.6600
  237.9000  165.3600
  238.0000   44.7400
  227.7900  236.0900
  230.1200   38.6400
  216.3100  297.8500
  218.7300  213.9500
  213.4800  277.7400
  202.9700  334.0000
  194.7600  337.3800
  191.3400  149.5900
  181.3100  170.8500
  181.3100  170.8500
  181.3100  170.8500
  169.4400  300.9700
  164.1300   36.4500
  155.7600  160.1800
  153.4400   86.6800
  154.1100  277.2700
  151.5200  325.2700
  151.5200  325.2700
  149.0000  117.3600
  140.4500  287.3300
  140.4500  287.3300
  137.0400  190.5500
  136.2000  138.0100
  135.5300  281.0200
  129.3000  116.8900
  128.2900   97.8200
  119.0900   49.4800
  120.6300  288.8900
  115.2600  356.6400
  108.2700  296.5200
  311.7800  296.1200
  317.0500  159.3700
  318.0000  101.0000
  310.1400  104.7300
  306.4600  115.4800
  266.4000  300.9900
  281.0900   31.8500
  272.3400   58.1300
  248.5800  315.9100
  255.2400  173.5600
  232.0100  336.3900
  236.7800  192.8800
  240.3600  124.4300
  234.1500  229.7600
  224.2300   80.6100
  202.8900  343.6000
  203.9800  300.8100
  184.9200  315.9600
  184.9200  315.9600
  181.8700  258.2700
  182.9300  113.2700
  182.9500   88.4700
  182.0600  134.1000
  178.7200  321.9800
  177.2700  150.4500
  161.2100   50.7300
  160.0600  317.4200
  144.6700  303.8100
  142.2100  248.3500
  126.7600   31.9300
  128.6300  279.3900
  119.8500   35.6000
  121.6900  281.7200
  112.7600   62.9900
  113.9500  344.7100
  109.0300  320.7200
   99.1600  343.0900
   94.2500  322.4200
   78.7300  330.5800
  309.2200  363.7100
  286.7300  288.4500
  279.9100  276.5500
  238.8500  318.5300
  247.2100   97.3200
  227.7800  315.7200
  230.1800  173.8400
  230.1800  173.8400
  220.4900  197.0600
  211.1100   91.5700
  211.1100   91.5700
  206.0800  245.3000
  200.4000  146.1300
  200.4000  146.1300
  193.7800  366.6200
  193.9000  344.9000
  191.1600  250.0100
  193.4900  103.3600
  186.2200  297.8300
  186.2200  297.8300
  184.2900   79.2500
  182.7900  161.1200
  182.7400   94.7000
  177.2700  150.4500
  176.8000  140.8700
  171.1100   99.1100
  167.0300  222.7600
  164.2200  342.8400
  160.1200  282.7700
  160.1200  282.7700
  158.4500  292.7700
  156.9200  312.0000
  149.8900  254.4500
  146.6100  268.1900
  146.6100  268.1900
  145.1600  258.0200
  141.0800   47.2500
  142.5300  223.9900
  140.8600  152.0700
  140.8600  152.0700
  139.0200   90.1200
  139.0200   90.1200
  140.9600  198.5600
  137.9100  242.7400
  137.9100  242.7400
  135.1100  211.3600
  126.0500   54.2300
  125.1400   44.9300
  122.3700  355.1300
  112.3900  338.5500
   99.8400  370.0700
   86.6800  359.3400
  333.8600   62.3800
  299.5000  358.0100
  314.3100  183.8000
  303.3900  289.1900
  314.3200  107.4600
  309.9100   67.2600
  306.1500  108.9200
  286.7300  288.4500
  299.5700   60.7500
  285.2300  236.7500
  285.2300  236.7500
  265.2000  319.0100
  268.3900  227.4900
  259.8600  352.3000
  274.6000   52.5200
  268.8900   30.7900
  253.0200  293.7600
  257.6000  155.6200
  252.1100  195.2700
  252.1100  195.2700
  251.6800  189.2000
  251.6800  189.2000
  250.4100  170.1100
  238.8500  318.5300
  232.1000  318.7000
  229.9700  347.2600
  235.1900  174.8800
  226.5900  349.6900
  226.7800  344.2300
  229.3300  243.3300
  232.9900  124.1200
  232.0300  116.1500
  231.7800   17.9700
  225.8600  116.0800
  205.7200  282.4500
  196.9200  356.9400
  198.3700  226.5800
  197.5700  238.3900
  192.3200  370.2100
  188.1600  355.4500
  190.4100  220.6500
  190.9700   94.9500
  190.9700   94.9500
  187.1400  241.9900
  184.9000  245.3600
  184.6000   60.2500
  182.0100  248.2900
  181.8600  144.6100
  173.9700   17.4400
  169.5800  255.9600
  167.0300  222.7600
  166.5200  358.9300
  157.5800  300.2000
  155.0300  320.7900
  153.0500  247.7000
  151.9700  348.3800
  141.4800  111.6900
  142.2400  171.5900
  142.2400  171.5900
  142.1300  299.0200
  138.2100  122.8800
  139.2700  197.9400
  138.3400  158.6700
  139.6500  254.3000
  134.4700  110.8900
  130.0000  287.9700
  128.4300  224.9000
  127.9800  217.3100
  127.9800  217.3100
  114.5800   76.2300
  111.6800   36.8800
  111.6800   36.8800
  112.1700   70.3300
  110.8100   53.6300
  114.9200  294.2100
  114.9200  294.2100
  112.7400  290.6600
  112.7400  290.6600
  108.6900  335.9300
  108.6900  335.9300
  106.8200  294.0400
  102.1300  296.3000
   97.7400  326.8700
   97.7400  326.8700
   96.4500  352.0700
   77.6200  336.8100
  339.1900  195.0200
  333.9300   88.6600
  333.8400   75.3900
  315.0300  157.7800
  313.0500   72.8700
  299.6700  181.9700
  306.0000    7.8400
  306.0000    7.8400
  281.6000  345.8600
  299.2700   84.0500
  290.5800  196.8800
  299.3600   73.0600
  299.3500   65.0600
  299.0400   55.3400
  299.4700   49.6800
  299.4700   49.6800
  283.3700  262.9800
  282.1100  271.9500
  275.7700  313.8900
  282.3300  188.3700
  285.9200   90.9500
  285.9200   90.9500
  282.2900   40.2200
  279.6700   80.0900
  264.8000  307.7000
  279.7100   44.3000
  278.1300   62.2700
  278.1300   62.2700
  263.2200  296.0100
  279.5900    9.2100
  259.0100  335.6500
  275.1700   58.6400
  271.6400   77.1900
  273.8600   24.3100
  254.0800  166.6200
  242.6700  356.1800
  258.0300    8.6100
  244.8900  172.4000
  248.8600   65.4400
  235.9100  347.5500
  243.0000  146.6200
  243.5400  119.2000
  243.5400  119.2000
  243.4400  112.3200
  234.4000  283.5000
  242.2600  103.1100
  232.6400  263.5700
  240.9500   74.8700
  234.8600  186.3700
  227.1900  331.8600
  226.5900  340.4700
  226.8300  336.6500
  229.9300  139.3900
  229.9300  139.3900
  217.7900  363.0400
  211.9100  339.3100
  216.7800  148.6500
  216.7800  148.6500
  210.4900  368.4300
  217.0100   91.4500
  215.1100  140.0700
  207.3800  370.1500
  212.3500  163.9500
  205.4500  334.0900
  205.4500  334.0900
  210.1400  152.6700
  207.6000  230.6000
  203.8800  339.5300
  205.2900  221.6600
  202.0600  321.8500
  200.0700  357.3600
  203.8900  107.7700
  203.9800  100.3400
  197.0900  363.4100
  200.2600  103.9400
  197.1500  232.9600
  195.7600  221.7600
  197.6500  146.0700
  193.5400  349.5100
  191.5400  366.9300
  192.0800   32.9700
  192.0800   32.9700
  186.5100  371.2300
  185.5700  313.6800
  186.6500  142.5000
  183.7600  317.3300
  181.2100  308.0600
  181.2000  242.3100
  181.0300  209.3400
  181.7600  155.8900
  181.6600  121.5300
  179.4500   17.6800
  177.1600  310.8900
  177.1600  310.8900
  175.3700  369.5800
  171.3400  144.7800
  167.6000   17.2900
  167.1100  237.5900
  165.1700  272.9300
  163.6200  237.1300
  163.3100  220.1600
  163.1600  293.7000
  158.7500  322.0000
  157.6100  279.1100
  153.9500  121.3000
  155.4100  297.0900
  155.4100  297.0900
  151.2400  124.2200
  150.8800  279.0200
  150.2700  272.5700
  149.3800  357.9300
  144.8800   19.5100
  146.1400  206.0000
  144.4900  123.8900
  147.7700  362.9300
  145.3300  287.9200
  145.9000  355.1600
  145.2000  330.0400
  145.1600  350.5000
  142.9900  359.0900
  141.4400  247.0600
  141.4500  276.6000
  139.0000  337.6600
  138.7400  298.1500
  136.8500  293.2200
  133.3400  155.1700
  134.8600  298.7700
  135.0700  317.5500
  134.0800  342.5100
  134.0800  342.5100
  132.0100  262.6800
  130.6300  295.2800
  127.3200  257.9100
  122.4400  359.3100
  117.0400  335.5200
  116.9200  359.5600
  103.4200   23.6500
   93.8400    8.4800
   90.7900   12.5800
  103.4200  365.0600
   86.2000    6.2800
  100.9700  357.2300
  100.9700  357.2300
   95.6000  305.7200
   88.5100  320.6800
   80.9800  326.1500
  331.9900  233.0900
  327.4900  184.8800
  310.0300  347.1200
  329.3100  136.3400
  329.3100  136.3400
  327.7200  138.7900
  319.2500  222.5700
  310.5700  303.2800
  328.0500  115.8200
  318.2300  184.7500
  322.8300  136.1400
  322.8300  136.1400
  323.1800  110.8400
  302.4800  264.4900
  290.6400  308.9400
  310.0200   50.2800
  310.0200   50.2800
  303.5300   95.0300
  303.5300   95.0300
  302.4700   91.8700
  298.3400   99.7200
  287.8200  200.4800
  287.8200  200.4800
  285.3600  203.6200
  285.3600  203.6200
  287.3500  150.4700
  287.3500  150.4700
  276.1600  269.5200
  286.8300  113.3900
  286.4400  108.0500
  274.0100  280.7200
  284.4900   83.8200
  282.3900   61.0000
  279.0100   99.1400
  260.8900  342.7300
  258.7800  296.8600
  271.9600   49.2400
  254.2600  317.4200
  259.9800  186.8100
  253.2500  158.2600
  255.2700  111.5800
  255.2700  111.5800
  243.0000  335.4700
  251.7900  105.8300
  251.6000   90.1400
  240.3400  271.5400
  248.8600   27.9700
  233.6000  367.4700
  241.1900   97.2600
  234.8200  170.1600
  232.0300  186.4300
  233.6100   54.5400
  226.9000  222.8700
  226.9000  222.8700
  228.4800  181.8100
  228.4800  181.8100
  223.4300  170.7600
  218.2800  293.4500
  222.5900  140.3300
  224.5500   74.6200
  220.4900  185.5700
  222.2000  129.0600
  218.0600  221.5900
  216.3300  156.4600
  215.1700  145.3200
  210.7900  269.0400
  215.0600  128.0900
  212.5200  170.1600
  214.6200  119.7700
  214.3500  114.6300
  214.3500  114.6300
  211.0100  222.2000
  213.6000  107.0300
  205.7900  357.8900
  203.7200  360.1500
  208.1900  177.4300
  208.5000  148.7500
  200.4700  299.2000
  198.4400  343.6000
  195.7600  221.7600
  195.6500   73.8400
  185.6600  168.4700
  186.1000   37.9200
  184.9200   74.9400
  183.3800  166.1000
  182.0200  158.9600
  181.3900  189.0900
  181.3900  189.0900
  181.6700  179.7100
  182.7400   20.9000
  181.1600  100.4600
  178.5500  272.9900
  178.5500  272.9900
  178.3800  131.0900
  177.4800  171.0200
  177.4800  171.0200
  165.7500   29.2500
  165.1200  106.9700
  164.9500   20.3100
  164.7400  310.5000
  161.9600  248.7800
  159.8100  124.9200
  160.5100  292.9800
  158.9200   19.3300
  158.6000  110.9100
  156.6300  115.8400
  152.8600   18.9600
  153.1400  183.8900
  152.7900  166.1800
  152.2900  115.5000
  150.0500   16.5200
  150.9600  180.9500
  148.0500   20.5700
  151.1800  318.2600
  149.5000  269.9000
  147.0100  114.9700
  144.9200   94.1400
  144.0800   66.5800
  143.4900  189.6500
  143.4900  189.6500
  141.8100   64.2800
  142.3400  146.1600
  142.2800  139.9800
  139.3700  267.5200
  131.5100   39.2500
  132.7600  118.8700
  133.9700  234.0200
  130.9400  103.7900
  131.2800  209.0900
  129.8700  206.8900
  129.8700  206.8900
  131.1600  298.2500
  130.3600  256.7500
  124.9600   82.0800
  124.0900   36.8700
  128.2100  231.2900
  128.2100  231.2900
  127.8200  228.2000
  122.3600   79.8400
  121.4200   52.9200
  121.4100   45.7000
  117.6300   24.3400
  111.1500   83.4100
  110.2300   69.2900
  105.2800    8.4300
  114.4300  333.7400
  101.3300   29.7200
   99.4700   25.5900
   99.4700   25.5900
   93.9400   18.2100
   76.2900  337.9100
