  295.4200  273.4400
  264.9400  254.9600
  225.5000  261.3600
  225.5000  261.3600
  169.8300  203.9800
  232.7400  315.9500
  185.9900  284.6300
  176.4000  338.4900
  159.4500  139.6400
  154.4600  230.7500
  154.4600  230.7500
  288.1100  250.7400
  212.3900  169.0100
  128.1900  240.7600
  284.7400  421.0900
  261.9500  217.8100
  212.3900  169.0100
  203.5600  238.6100
  203.5600  238.6100
  199.3600  139.5800
  164.1800  434.9400
  107.8200  306.2100
  302.3600  179.7900
  250.5500  151.9000
  250.5500  151.9000
  263.9500  368.6800
  266.5700  410.9400
  246.1700  437.6900
  213.0900  287.5900
  199.8300  345.2600
  196.1400  293.0700
  191.2800  261.6100
  191.2800  261.6100
  172.8900  227.6600
  172.3400  297.8100
  156.2100  192.9600
   77.0300  366.4300
  264.9200  172.7300
  257.4700  260.8200
  237.9000  165.3600
  246.7100  313.5900
  242.8200  276.1900
  245.0900  336.9200
  245.1600  357.9600
  239.2100  322.6800
  239.2100  322.6800
  214.5400  344.4600
  201.5600  252.4100
  201.1900  274.5700
  191.3400  149.5900
  193.4400  306.9500
  186.5400  374.2700
  182.0600  134.1000
  155.6200  211.9900
  155.7600  160.1800
  143.1500  316.4800
  136.2000  138.0100
  129.5300  295.7400
  104.4100  371.2000
   91.7100  366.5500
   88.5100  331.0300
  312.1500  172.6100
  276.2400  418.9200
  261.2400  312.9300
  256.1800  320.6800
  245.9500  234.6600
  237.9000  165.3600
  246.7100  313.5900
  240.3600  372.3400
  218.7300  213.9500
  220.8500  321.1500
  200.4000  146.1300
  200.4000  146.1300
  187.2700  352.6300
  177.2700  150.4500
  177.3100  399.6800
  169.4400  300.9700
  168.8200  362.3400
  166.2800  322.7100
  137.0400  190.5500
  122.2600  341.0900
   50.7200  429.7300
  326.2800  407.0200
  311.7800  296.1200
  304.3000  299.8800
  276.8800  407.5300
  255.2400  173.5600
  268.8300  381.1800
  234.1500  229.7600
  230.1800  173.8400
  230.1800  173.8400
  228.3000  442.4000
  216.3100  297.8500
  218.7100  436.4100
  218.7100  436.4100
  217.6500  388.1100
  201.8400  134.1700
  194.7600  337.3800
  192.2000  449.7600
  192.2000  449.7600
  182.7900  161.1200
  181.8600  144.6100
  181.8600  144.6100
  184.9200  315.9600
  178.7200  321.9800
  176.8000  140.8700
  167.0800  353.4600
  153.3800  428.6400
  154.1100  277.2700
  151.5200  325.2700
  140.4500  287.3300
  140.4500  287.3300
  140.9600  198.5600
  140.8600  152.0700
  140.8600  152.0700
  135.5300  281.0200
  138.2100  122.8800
  128.6300  279.3900
  118.0300  429.9600
  120.6300  288.8900
  115.2600  356.6400
   80.4600  420.0400
   78.7300  330.5800
   72.2500  348.2800
  318.2700  271.4100
  329.6900  400.4400
  329.6900  400.4400
  314.1900  420.6700
  266.4000  300.9900
  252.1100  195.2700
  270.0700  426.7800
  235.1900  174.8800
  240.3500  363.3700
  220.4900  197.0600
  206.0800  245.3000
  203.9800  300.8100
  198.3700  226.5800
  195.5600  246.5200
  191.1600  250.0100
  186.2200  297.8300
  186.2200  297.8300
  181.7100  268.4600
  181.8700  258.2700
  182.4300  428.2700
  177.9500  437.7600
  167.0300  222.7600
  167.0400  130.3900
  160.1200  282.7700
  160.1200  282.7700
  156.9200  312.0000
  151.7600  337.0800
  149.8900  254.4500
  146.6100  268.1900
  146.6100  268.1900
  144.7800  342.0700
  144.7800  342.0700
  144.6700  303.8100
  145.1600  258.0200
  142.5300  223.9900
  144.4900  123.8900
  141.7400  178.3200
  137.3100  258.9000
  137.9100  242.7400
  137.9100  242.7400
  131.5900  331.1100
  135.1100  211.3600
  131.5800  219.8900
  122.2300  390.0000
  121.6900  281.7200
  113.9500  344.7100
  107.0200  354.9500
   99.5400  383.0900
   99.5400  383.0900
   99.1600  343.0900
   90.6400  401.6000
   90.6400  401.6000
   94.2500  322.4200
   86.6800  359.3400
   70.6600  437.4700
   67.0900  352.9200
  337.4000  280.5400
  315.0500  134.0200
  314.3100  183.8000
  339.0400  412.1000
  319.7500  277.3300
  325.5800  439.9000
  325.5800  439.9000
  303.3900  289.1900
  309.2200  363.7100
  286.8400  186.6600
  282.3300  188.3700
  286.7300  288.4500
  268.8100  131.0300
  279.9100  276.5500
  269.5200  296.4200
  280.0700  436.2900
  269.8200  310.8200
  271.1400  401.5000
  273.3800  442.0300
  251.6800  189.2000
  244.8900  172.4000
  253.0200  293.7600
  262.3900  445.9700
  239.3600  260.3400
  229.9300  139.3900
  229.9300  139.3900
  229.3300  243.3300
  232.0100  336.3900
  227.7800  315.7200
  216.7800  148.6500
  222.0100  358.6300
  212.3500  163.9500
  218.8400  328.3200
  210.1400  152.6700
  210.1700  374.7300
  197.6500  146.0700
  198.3700  226.5800
  202.8900  343.6000
  197.5700  238.3900
  190.4100  220.6500
  190.4100  220.6500
  194.4800  426.7300
  189.4700  238.1000
  193.2200  418.7400
  186.6500  142.5000
  187.1400  241.9900
  189.0700  422.4300
  189.0700  422.4300
  181.7600  155.8900
  171.3400  144.7800
  169.5800  255.9600
  163.3100  220.1600
  153.0300  289.7200
  151.2400  124.2200
  146.6100  268.1900
  144.8400  431.5900
  139.6500  254.3000
  139.2700  197.9400
  131.5900  331.1100
  127.8300  302.1600
  128.4300  224.9000
  127.9800  217.3100
  127.9800  217.3100
  122.3700  355.1300
  116.1700  331.4100
  112.3900  338.5500
  102.1300  296.3000
   97.7400  326.8700
   97.7400  326.8700
   90.6400  401.6000
   87.9300  419.1300
   86.5800  397.8500
   86.6800  359.3400
   72.8500  447.6000
   74.3500  342.0800
   67.2200  359.1600
   67.0900  352.9200
  322.1400  157.8500
  318.2300  184.7500
  312.9500  164.7900
  299.9100  192.4300
  287.0000  137.2800
  312.8000  380.7100
  290.5800  196.8800
  287.8200  200.4800
  287.8200  200.4800
  282.7100  192.6200
  298.7000  388.2300
  283.3700  262.9800
  282.1100  271.9500
  282.5700  383.7100
  275.7700  313.8900
  278.6400  451.6100
  274.0200  435.5200
  265.2000  319.0100
  246.8600  168.9100
  259.8600  352.3000
  241.1300  150.3800
  255.2100  406.6100
  234.8600  186.3700
  232.0600  169.7900
  238.8500  318.5300
  228.4800  181.8100
  228.4800  181.8100
  241.9600  391.2300
  234.4000  283.5000
  241.6300  421.1100
  240.9400  449.2000
  222.5900  140.3300
  223.4300  170.7600
  232.1000  318.7000
  220.4900  185.5700
  226.8300  336.6500
  226.7800  344.2300
  226.5900  349.6900
  216.3300  156.4600
  215.0600  128.0900
  230.4500  449.1200
  215.1100  140.0700
  227.1300  383.5100
  218.0600  221.5900
  212.5200  170.1600
  208.1900  177.4300
  206.2600  140.5200
  207.6000  230.6000
  205.2900  221.6600
  206.2300  317.3300
  205.1100  441.4400
  197.1500  232.9600
  195.7600  221.7600
  198.9200  400.4000
  196.9200  356.9400
  193.7800  366.6200
  189.2900  168.8400
  194.6300  449.2000
  190.7700  377.6900
  185.6600  168.4700
  187.1400  241.9900
  188.1600  355.4500
  184.9000  245.3600
  184.9000  245.3600
  183.3800  166.1000
  182.0200  158.9600
  181.6700  179.7100
  182.0100  248.2900
  181.0300  209.3400
  181.2000  242.3100
  183.0000  375.5000
  181.8400  443.7200
  181.8400  443.7200
  177.4800  171.0200
  177.4800  171.0200
  179.3200  373.5600
  178.6900  380.2200
  169.4600  137.4600
  168.8600  133.3300
  167.1100  237.5900
  166.5200  358.9300
  166.1700  365.4200
  166.2500  258.5500
  159.8100  124.9200
  156.5000  293.7600
  155.6000  316.8500
  155.6000  316.8500
  155.0300  320.7900
  151.9700  348.3800
  153.1400  183.8900
  151.1800  318.2600
  149.2700  443.9700
  150.8800  279.0200
  150.9600  180.9500
  142.1300  299.0200
  141.4500  276.6000
  143.4900  189.6500
  143.4900  189.6500
  142.3400  146.1600
  142.2600  134.3800
  139.3700  267.5200
  136.8500  293.2200
  134.8600  298.7700
  132.0100  262.6800
  130.0000  287.9700
  127.2100  369.6400
  133.3400  155.1700
  127.3200  257.9100
  116.0400  421.1900
  114.9200  294.2100
  114.9200  294.2100
  108.1200  431.7600
  112.7400  290.6600
  112.7400  290.6600
  106.8200  294.0400
   96.1300  430.9400
   95.4000  312.2100
   75.5600  427.0100
   80.9800  326.1500
   77.6200  336.8100
   67.2900  369.6600
   60.5000  415.5500
   54.3900  414.8500
  318.7700  205.0700
  319.2500  222.5700
  309.1200  169.8100
  302.9500  258.4200
  294.1000  192.9900
  308.1300  306.3000
  306.8900  303.3900
  302.4800  264.4900
  317.9700  413.7800
  287.9200  159.2900
  287.3500  150.4700
  311.1100  376.3500
  305.7800  360.8100
  285.3600  203.6200
  285.3600  203.6200
  281.5600  177.5900
  302.0300  358.5500
  290.6400  308.9400
  284.6400  278.0700
  281.9900  321.8100
  281.6000  345.8600
  274.0100  280.7200
  274.9900  428.1000
  264.8000  307.7000
  263.2200  296.0100
  271.7200  411.0500
  260.8900  342.7300
  242.9100  131.0500
  242.9100  131.0500
  261.4900  384.5200
  263.7100  424.5300
  263.7100  424.5300
  264.3700  450.5900
  258.1600  386.6300
  254.1400  401.6800
  254.3100  423.1500
  235.3600  163.4400
  251.3700  403.9400
  234.8200  170.1600
  244.5200  424.3800
  232.6400  263.5700
  222.2000  129.0600
  226.9000  222.8700
  233.6000  367.4700
  229.9700  347.2600
  227.1900  331.8600
  225.4300  393.7700
  220.8800  301.9500
  210.7100  126.9500
  211.0600  146.6900
  219.4200  332.9800
  210.4800  216.4600
  217.8100  383.9600
  211.9100  339.3100
  210.4900  368.4300
  210.6800  411.0400
  205.4500  334.0900
  205.4500  334.0900
  203.8800  339.5300
  200.4700  299.2000
  203.6800  437.4800
  201.2400  343.3700
  200.9600  383.1300
  200.9600  383.1300
  200.9600  383.1300
  200.0700  357.3600
  199.1500  321.0200
  196.4500  293.1400
  197.0900  363.4100
  197.0900  363.4100
  192.3200  370.2100
  185.5700  313.6800
  186.5100  371.2300
  181.3900  189.0900
  181.3900  189.0900
  181.2100  308.0600
  178.5500  272.9900
  178.5500  272.9900
  177.1600  310.8900
  177.1600  310.8900
  171.0100  358.9000
  169.7000  441.2700
  161.9600  248.7800
  160.5100  276.9800
  158.7500  322.0000
  157.5800  300.2000
  157.1600  358.1700
  155.4100  297.0900
  155.4100  297.0900
  152.7900  166.1800
  149.5000  269.9000
  146.9500  307.7000
  145.9000  355.1600
  145.2000  330.0400
  145.3300  287.9200
  145.3300  287.9200
  146.1400  206.0000
  145.8800  185.5300
  146.1400  124.8400
  133.9700  234.0200
  131.1600  298.2500
  130.6300  295.2800
  130.3600  256.7500
  131.2800  209.0900
  124.0400  378.0700
  129.8700  206.8900
  129.8700  206.8900
  128.2100  231.2900
  128.2100  231.2900
  127.5300  223.5000
  125.1100  217.2900
  117.0400  335.5200
  116.3900  319.9100
  106.9300  427.6100
  108.5300  376.5100
  108.4700  372.4500
  100.9700  357.2300
  100.9700  357.2300
   94.8400  393.7800
   70.9300  347.6000
   97.0600  303.2900
   72.3300  432.2900
   71.3800  391.8300
   67.9000  432.4700
   66.2600  400.5300
   60.3300  405.6100
   52.6900  423.3900
