  297.2400  177.6100
  267.0400  161.6800
  226.4100  170.6800
  226.4100  170.6800
  171.4000  107.7300
  230.8000  223.2000
  186.6500  193.4600
  176.2700  243.5300
  158.4700   25.9500
  153.1000  138.4700
  153.1000  138.4700
  292.9000  156.5100
  217.5300   63.8800
  126.4600  150.0900
  271.5000  312.7900
  268.4500  119.9000
  217.9300   64.8400
  206.4000  146.7800
  206.4000  146.7800
  204.2100   29.9500
  164.2400  322.5500
  109.5800  215.6200
  316.3500   69.6300
  261.2800   40.5600
  261.2800   40.5600
  256.9000  270.1900
  256.5000  304.8900
  236.2600  325.8800
  212.6200  196.5200
  198.5600  249.4600
  195.8100  201.9000
  192.1600  171.0300
  192.1600  171.0300
  173.7000  134.8600
  172.3800  205.7600
  155.8000   95.5000
   83.5600  267.7400
  276.2500   64.6900
  259.1700  168.6300
  246.6000   57.8400
  243.9700  220.5000
  243.3700  185.5900
  241.0300  242.3300
  239.7500  260.7100
  236.2900  229.5000
  236.2900  229.5000
  211.9100  249.2200
  203.4500  161.8600
  201.8100  183.9100
  195.1200   43.0800
  193.0800  215.2500
  184.9400  274.4000
  185.0300   23.1500
  155.3900  117.7000
  154.9500   56.1800
  143.9300  223.9700
  132.8000   27.4700
  128.3100  206.4500
  108.8400  272.0700
   97.5500  266.8600
   92.3900  237.7700
  327.8600   59.8200
  264.7500  311.6000
  258.5200  220.3400
  253.0600  227.6200
  249.9500  139.5400
  246.4800   58.3900
  244.5400  221.0000
  234.8700  273.2600
  222.5500  119.9700
  218.8800  228.0800
  205.6000   38.8400
  205.6000   38.8400
  186.3800  256.1000
  178.7300   43.8600
  176.4100  294.9000
  169.8000  209.4100
  168.9100  264.2400
  166.6100  229.6200
  134.9600   92.5800
  125.1200  246.5000
   64.9000  316.7800
  311.8000  301.7300
  310.1600  203.8700
  303.4500  208.1200
  265.9400  302.1300
  265.2400   66.4100
  261.0000  280.9100
  238.2600  134.4200
  237.6800   68.9000
  237.6800   68.9000
  220.7700  328.7500
  215.4200  206.2200
  212.5300  324.2800
  212.5300  324.2800
  213.1400  286.0500
  207.5500   23.2800
  193.4700  242.7500
  189.1500  334.3200
  189.1500  334.3200
  187.4400   57.8600
  184.6300   36.5300
  184.6300   36.5300
  184.4700  223.5000
  178.5700  229.1800
  178.7900   31.8000
  167.0200  256.6800
  154.3800  317.4300
  154.1000  188.0600
  152.6000  231.6700
  140.9900  198.0300
  140.9900  198.0300
  139.3500  101.6700
  138.2400   45.5500
  138.2400   45.5500
  136.0400  191.7300
  134.6800    7.3700
  129.0500  189.8800
  123.3600  318.2100
  121.6800  199.1300
  119.2900  258.5000
   89.9400  310.2800
   83.2300  237.0000
   78.2600  252.8000
  320.1700  178.7200
  315.0400  296.4700
  315.0400  296.4700
  298.8100  312.5300
  264.6700  209.1100
  260.1900   92.4100
  258.7400  317.5800
  243.2800   69.8000
  235.1100  265.5500
  225.4400  100.6100
  207.7600  154.2600
  203.0500  208.8500
  200.6400  133.7900
  197.0400  155.4600
  192.2800  159.2100
  186.1600  206.6000
  186.1600  206.6000
  182.4400  177.6700
  182.7200  167.4100
  180.2400  317.6800
  176.6400  324.7800
  168.0100  129.8000
  166.6100   18.3500
  160.4900  193.5000
  160.4900  193.5000
  157.6900  219.6500
  152.8500  242.2700
  149.8800  164.4500
  146.8000  179.1700
  146.8000  179.1700
  146.3800  246.8400
  146.3800  246.8400
  145.7900  212.8700
  145.1300  168.6300
  141.5300  130.9300
  141.9600    8.7900
  139.7200   78.1100
  137.4000  169.9600
  137.3200  151.6600
  137.3200  151.6600
  133.7500  237.3400
  133.2600  116.2700
  129.9300  126.2000
  126.6300  286.7400
  122.2300  192.4300
  117.5300  248.8500
  111.7000  257.3700
  105.5900  280.8700
  105.5900  280.8700
  103.3400  248.0200
   98.1100  295.9200
   98.1100  295.9200
   97.4300  230.2800
   91.8500  261.8800
   82.4700  324.1000
   73.5300  256.5800
  337.3300  187.6400
  336.6200   11.6700
  328.7800   73.2700
  322.5400  306.1800
  321.0200  184.3400
  307.3100  327.5500
  307.3100  327.5500
  302.5500  196.8200
  299.7900  265.5600
  298.7300   78.7400
  293.3800   81.6200
  285.9500  196.1200
  284.2500   12.2100
  280.4200  183.9900
  268.1000  204.7900
  266.9000  325.2400
  266.9600  218.4000
  261.6700  297.4400
  260.6300  329.4300
  260.0500   85.5600
  254.2300   65.9300
  252.0700  202.1300
  250.6600  332.4400
  241.2200  169.8400
  239.4900   26.1900
  239.4900   26.1900
  232.1200  152.2000
  228.1000  241.2000
  225.8700  223.0500
  224.2000   38.6800
  218.3900  261.1900
  218.1500   57.9400
  216.7500  234.4700
  216.4800   44.1000
  206.2500  274.9200
  202.5800   38.5900
  200.6100  133.6800
  200.5500  248.0200
  199.2800  146.8300
  192.1500  127.6900
  192.1500  127.6900
  191.1600  316.4200
  191.0700  147.1600
  190.2400  309.7200
  190.2000   33.9300
  188.4800  150.9000
  186.6600  312.9000
  186.6600  312.9000
  184.2400   50.8600
  172.7100   36.6200
  169.9700  164.9100
  163.3500  127.0100
  153.5400  200.2800
  149.8800    9.2200
  147.8300  179.2700
  147.6100  319.6000
  139.3000  164.6300
  137.5500  101.1100
  133.6700  237.1700
  129.1700  212.5400
  126.7400  131.6600
  126.0300  123.4100
  126.0300  123.4100
  125.5900  257.7300
  119.0300  236.9900
  115.7400  243.3600
  103.6800  205.9200
  101.1700  234.1800
  101.1700  234.1800
   98.3200  295.7300
   96.3100  309.9300
   94.4100  292.7400
   92.3300  261.6800
   84.4600  331.5500
   79.6100  247.3900
   74.0600  262.3200
   73.5300  256.8200
  341.1700   41.1900
  332.8700   74.0300
  329.9000   50.0800
  311.9600   84.3900
  304.4600   18.1300
  301.3700  279.7900
  301.3100   90.8300
  297.9200   95.3000
  297.9200   95.3000
  293.5300   86.2000
  287.5000  286.0800
  285.4900  170.4300
  283.2100  179.7700
  273.0800  282.2500
  272.6600  221.3600
  264.8400  337.0400
  261.6000  324.5400
  261.7700  226.2000
  256.1700   61.5400
  254.0700  256.0200
  251.3300   38.8200
  246.3700  301.3100
  241.9800   83.6900
  239.9900   63.7000
  236.3000  225.6100
  235.2900   79.0200
  235.2900   79.0200
  235.2500  289.0000
  234.4300  192.6700
  233.2100  312.8500
  231.6500  334.5400
  231.1100   27.8800
  230.2700   65.8700
  229.8600  225.7300
  226.1300   83.9500
  223.7700  242.1600
  223.3700  248.6000
  222.8800  253.6300
  223.1600   48.4100
  223.0900   13.1100
  222.3900  334.3500
  222.7500   27.8800
  221.8400  282.3900
  221.5500  128.3500
  218.3000   65.6800
  213.5000   74.4600
  212.5900   28.6500
  210.1200  138.1600
  208.1900  128.2300
  204.9900  224.3800
  200.1100  327.9500
  199.1100  141.0200
  198.3000  128.6800
  195.8300  295.7200
  195.0100  259.8000
  192.3100  268.1500
  192.2700   66.7700
  191.0300  333.8300
  188.7800  277.1600
  188.7000   66.2900
  187.9700  150.7700
  186.8600  258.6000
  185.9600  154.2900
  185.9600  154.2900
  185.7600   63.3300
  184.5700   54.5400
  183.7400   79.8900
  182.8600  157.3500
  182.5500  114.7600
  182.1700  151.0800
  181.6900  275.3000
  179.7500  329.4600
  179.7500  329.4600
  179.2700   69.3200
  179.2700   69.3200
  178.4200  273.6400
  177.8500  279.1300
  170.7500   27.2400
  170.0900   22.0400
  167.6400  146.3900
  166.8300  261.3900
  166.3900  266.8100
  166.6400  167.6500
  159.6700   10.1900
  156.9200  204.0600
  156.3700  224.0800
  156.3700  224.0800
  155.8100  227.7000
  153.1600  252.0800
  152.3800   84.5700
  152.1800  225.2100
  151.5400  329.3500
  151.3200  189.6200
  150.0000   81.1300
  142.5400  208.8900
  141.8100  187.5800
  141.9200   91.4100
  141.9200   91.4100
  139.9300   38.1400
  139.5900   23.3300
  139.0700  178.6600
  137.6600  203.6500
  135.8900  208.7300
  131.7300  173.1800
  130.8100  198.4200
  130.6100  269.9000
  130.0000   49.4200
  126.9200  168.2900
  122.0300  311.2300
  116.1600  204.2100
  116.1600  204.2100
  114.7900  319.6200
  113.7900  200.7400
  113.7900  200.7400
  108.0800  203.9000
  104.0600  318.9000
   98.0900  220.9400
   85.8300  315.7600
   85.0700  233.2000
   82.2900  242.8200
   74.9900  271.4600
   71.6300  306.6000
   66.3700  306.1700
  330.7600   97.7300
  328.5900  117.5600
  324.9900   56.3900
  305.8400  165.8000
  305.8000   86.3500
  305.2400  213.4100
  304.4200  210.8300
  304.6400  172.1100
  303.0100  307.1100
  302.8100   45.6900
  303.1900   35.1300
  300.1300  276.4000
  296.8100  263.1100
  294.9100   99.2000
  294.9100   99.2000
  294.0000   68.0000
  293.5000  261.0700
  287.6600  215.6800
  285.0500  185.9000
  277.9700  227.8500
  275.3200  249.7600
  274.1600  189.5800
  262.9200  318.7000
  262.4400  215.5400
  261.9100  204.2800
  261.3400  305.3200
  255.6100  247.7400
  254.8800   14.2700
  254.8800   14.2700
  253.3200  283.6500
  252.9600  315.6000
  252.9600  315.6000
  252.1200  336.0900
  250.3800  285.3700
  245.6700  297.4000
  244.6800  314.4000
  244.0300   55.6300
  243.0500  299.2900
  243.0800   64.0100
  235.8200  315.2700
  234.0400  173.4200
  231.3000   13.6000
  230.6700  129.6700
  228.6300  268.9800
  226.1200  251.4500
  224.3500  237.7000
  220.0100  290.7900
  219.9500  210.2000
  218.2800   11.5500
  217.6500   36.7900
  216.9200  238.7300
  213.9100  122.9100
  213.2700  282.6400
  209.6500  244.2200
  207.0500  269.6700
  206.2100  303.9900
  203.6500  239.5800
  203.6500  239.5800
  201.9800  244.4400
  200.0800  207.6800
  199.1300  324.8900
  199.2000  247.8600
  198.0100  282.0800
  198.0100  282.0800
  198.0100  282.0800
  197.8800  260.1000
  198.0100  228.0100
  196.2000  202.1700
  194.9600  265.5400
  194.9600  265.5400
  190.4500  271.0700
  185.3300  221.6500
  185.0700  271.8700
  183.2400   91.1000
  183.2400   91.1000
  181.1600  216.3900
  178.9900  182.2000
  178.9900  182.2000
  177.0700  218.8400
  177.0700  218.8400
  171.1100  261.4300
  169.4000  327.4000
  162.1600  158.8100
  160.9400  187.9800
  159.5000  228.8200
  158.4500  209.8400
  158.1600  260.6800
  155.9800  207.4100
  155.9800  207.4100
  151.8800   63.1700
  149.7500  180.8200
  148.1500  216.4200
  147.6900  257.9200
  146.6100  236.3800
  145.8900  198.6800
  145.8900  198.6800
  145.0800  110.0900
  144.4400   86.3300
  144.4700   10.3600
  132.9300  141.9300
  132.3700  208.2900
  131.6400  205.3900
  129.8700  166.9700
  129.1000  113.9300
  128.0100  276.9400
  127.4300  111.4500
  127.4300  111.4500
  126.6600  139.0500
  126.6600  139.0500
  125.5800  130.0100
  123.0100  123.5500
  119.9700  240.9400
  118.7000  227.1500
  114.0400  316.3000
  113.5200  275.6600
  113.2200  272.3200
  105.8100  259.2700
  105.8100  259.2700
  101.6700  289.5500
  100.5000  215.0000
   99.0900  212.5200
   83.2500  319.9200
   80.0300  287.8400
   79.3600  320.0400
   75.8700  294.6900
   71.0400  298.6400
   65.0700  312.8500
