  156.8200  313.9600
  213.2300  315.1500
  213.2300  315.1500
  205.3600  240.9700
   68.0700  490.0300
  119.2300  269.7200
  109.6300  387.5100
  193.4100  479.2600
  261.1200  503.7100
  257.2700  457.0300
  199.1500  545.7500
  180.8200  516.0700
  172.5700  371.4900
  110.7600  504.1400
   38.6400  557.1000
  260.5700  538.2500
  162.9800  471.3800
  148.5400  443.1000
  141.3700  489.5700
  130.2400  467.1500
  123.9700  330.7300
  123.9700  330.7300
  103.5600  577.6800
   90.0300  602.0000
  176.6000  225.0100
  171.7900  558.4800
  164.8900  589.0300
  152.5900  416.4500
  152.5900  416.4500
  129.9200  312.0300
  129.9200  312.0300
   90.1300  602.3400
   73.6200  612.9600
  192.4700  341.0300
  192.4700  341.0300
  185.0800  280.7600
  184.7800  210.0400
  182.6100  585.2000
  176.1100  267.6000
  158.1800  505.2500
  158.1800  505.2500
  146.4900  544.2200
  143.4500  258.9000
  113.5700  351.7900
  113.5700  351.7900
  206.0100  342.6500
  185.1400  567.5300
  180.4500  334.6700
  170.9000  449.7200
  125.0500  394.4300
  104.6600  487.4400
   91.4000  611.2700
   27.4100  600.4100
   27.4100  600.4100
  240.7600  483.2500
  208.1400  491.0700
  189.5400  541.8900
  178.7000  201.1500
  176.1800  212.1300
  172.8200  417.8400
  171.0100  433.7800
  160.6300  214.9000
  160.6300  214.9000
  136.5700  370.4200
  125.5900  474.4700
  120.5600  338.4800
  108.5600  609.8000
   94.6500  550.1400
   69.4200  577.6300
   21.1700  550.8300
  301.9100  264.3900
  186.7300  555.4400
  183.0600  219.1400
  178.4100  559.3900
  179.1600  297.1400
  175.2600  617.8700
  175.6400  417.7200
  172.4100  194.2100
  170.7200  505.2600
  170.6200  492.4800
  170.7200  333.3300
  167.8300  208.6600
  163.8900  424.4000
  162.4800  440.8700
  160.7200  193.7800
  157.4600  302.0400
  156.0000  516.6800
  151.7900  593.5200
  142.1000  282.2900
  139.1100  402.5800
  136.7400  291.4100
  135.8400  430.7000
  122.3500  510.9200
  117.5400  505.1100
  106.3600  617.9600
  104.7900  352.3500
  104.7900  352.3500
  102.4100  514.1400
   96.5900  595.9500
   97.2800  506.3000
   94.4800  482.7100
   93.1100  579.6100
   93.1100  579.6100
   88.0600  505.9800
   88.0600  505.9800
   76.2900  606.8400
   65.0900  527.6000
   64.0300  614.8700
   54.6200  563.9100
   52.1300  555.7400
   47.9100  568.5100
   47.9100  568.5100
   10.4100  593.6400
  334.1200  347.1900
  334.1200  347.1900
  267.2500  279.0600
  236.6800  274.2600
  213.6000  591.8400
  200.9100  345.9600
  199.7200  487.3400
  193.0600  558.2100
  187.5500  357.9600
  187.2200  379.0500
  184.9000  272.8000
  176.1900  406.2500
  174.3300  310.8300
  172.9800  284.1900
  172.9800  284.1900
  166.3700  527.2800
  162.2000  553.1400
  159.3100  558.6900
  159.5300  523.6400
  159.5300  523.6400
  143.3900  325.7300
  137.8700  275.8500
  132.0200  468.2800
  130.6600  425.1300
  130.6600  425.1300
  131.3900  420.5400
  131.3900  420.5400
  129.1100  436.9700
  129.1100  436.9700
  122.6800  365.0000
  121.2200  416.1000
  121.3300  310.8900
  119.1000  495.0000
  115.5700  514.3300
   99.9900  577.2000
   98.2300  608.1100
   98.2200  539.0900
   94.1200  527.8700
   86.2500  540.5100
   59.1400  621.0300
   59.1400  621.0300
   49.5200  574.9500
   48.7400  532.0300
   47.2000  561.7500
  299.5900  398.1400
  247.4300  474.3700
  245.2400  447.5200
  207.8600  594.0200
  190.5100  297.4400
  185.5600  272.6800
  184.1500  335.1900
  178.4300  594.3800
  177.0800  463.6800
  177.2800  445.2400
  176.8300  352.5400
  171.7900  530.5400
  171.7300  525.6700
  166.8200  527.5200
  163.0700  307.9100
  163.0700  307.9100
  161.3800  534.3800
  160.0800  352.6700
  159.2200  558.5600
  158.5900  188.0100
  145.0500  368.4600
  137.2900  372.8800
  132.1200  396.6400
  131.8700  339.5900
  131.8700  339.5900
  131.9400  325.7700
  131.4400  467.7500
  117.4600  435.2100
  117.4600  435.2100
  107.2000  570.7600
   91.5600  532.7000
   80.5100  590.3800
   80.5100  590.3800
   73.1100  588.8400
   73.1100  588.8400
   71.9200  553.4500
   70.6400  523.6100
   69.8900  534.9400
   55.5400  569.5300
   40.8500  611.2500
   40.8500  611.2500
   37.4700  565.7000
   37.2500  560.9300
   34.6100  544.6900
   25.4200  584.7900
   25.7000  580.2000
   24.5500  562.1300
   24.5500  562.1300
    8.9600  611.7400
  292.1100  517.1500
  290.9900  546.7400
  235.2400  299.3000
  224.3200  397.0700
  193.8500  576.6900
  193.6700  565.6000
  191.9700  542.3300
  185.8100  328.4800
  182.4200  619.6800
  178.7900  451.5300
  177.8600  582.7400
  176.9500  616.6000
  174.6000  592.8100
  174.1300  596.8400
  173.7900  425.7500
  172.9900  432.2600
  167.4000  425.9400
  162.6700  544.9700
  161.5000  501.9400
  161.2100  578.8500
  157.5500  570.9000
  154.9600  554.5700
  154.2700  377.2000
  152.8700  534.5600
  145.1500  597.5800
  139.0100  463.6300
  135.6000  422.0300
  134.9700  366.3200
  134.2200  427.7600
  132.7500  439.6900
  131.5900  368.3400
  119.8600  377.1400
  120.1500  203.0300
  116.5500  419.1600
  114.7500  450.1800
  114.5800  431.6800
  112.4000  360.3900
  111.8600  467.9800
  111.8600  467.9800
  112.1000  446.7400
  108.1300  475.6800
  108.1300  475.6800
  103.8600  516.2900
   97.1200  573.1300
   96.7000  523.7000
   93.8900  567.6000
   89.1700  574.1300
   85.8800  596.1700
   85.8500  579.9900
   82.5000  577.5700
   81.7000  553.6000
   80.2400  548.7200
   79.8900  533.4400
   79.8900  533.4400
   71.5700  602.8300
   62.6200  613.3700
   60.7600  566.5100
   55.4200  624.4900
   48.2200  590.6300
   47.1800  598.5200
   47.1800  598.5200
   43.5600  532.8700
   43.5600  532.8700
   43.1300  595.7300
   38.2000  622.1700
   34.1700  565.9000
   28.8700  572.1900
   26.5400  589.5200
   24.5300  620.4400
   20.2900  623.7800
   16.8900  573.8000
   12.0700  603.2500
  299.4100  392.7700
  280.2100  389.7800
  279.6200  480.6200
  243.8300  480.9100
  243.9000  474.6200
  211.2100  260.3500
  192.9500  572.0000
  190.7800  588.6100
  185.3600  603.0800
  184.6100  560.4500
  181.6300  571.8800
  180.2800  338.6200
  179.1500  274.9900
  178.4300  590.2700
  175.7900  611.3000
  172.9900  442.9500
  172.4700  437.8300
  171.5000  345.7500
  168.2500  282.8000
  163.4000  287.8400
  158.3000  576.4200
  154.7200  188.1900
  153.9100  591.1400
  153.5600  602.5200
  152.4700  507.9900
  152.4700  507.9900
  146.0700  472.6800
  146.0700  472.6800
  142.4300  381.8000
  141.9500  599.6100
  141.7700  296.1700
  139.1000  238.2100
  138.8900  219.8800
  137.2900  291.5300
  136.6100  260.7500
  136.3500  325.3500
  136.0400  337.5000
  134.3700  375.5000
  132.1700  297.2500
  127.9700  401.2300
  128.1600  320.4700
  128.1600  320.4700
  127.3000  327.5400
  127.3500  286.0800
  127.7200  210.7400
  126.3200  330.8900
  122.6700  333.6200
  122.6700  333.6200
  121.2600  363.1400
  111.0500  532.7400
  103.9200  503.1200
  100.9800  597.2400
   98.3300  597.7200
   97.7100  563.8200
   95.2400  430.3500
   93.8400  561.4500
   93.8400  561.4500
   92.5900  494.1300
   91.3300  499.4200
   85.9900  572.3400
   82.8100  506.3200
   82.8100  506.3200
   77.9100  559.0200
   75.4400  548.8500
   75.4400  548.8500
   69.4300  527.8400
   64.9900  595.6400
   59.9000  572.7000
   59.9300  532.5900
   51.6700  579.0800
   51.6700  579.0800
   45.8900  621.9600
   45.4500  523.0900
   43.3300  598.8800
   43.1000  591.6700
   43.1000  591.6700
   41.7300  564.0700
   37.9500  618.8500
   11.0300  618.7700
    6.6000  556.5900
