  302.0700  340.8800
  230.0800  328.9500
  270.3800  322.4300
  270.3800  322.4300
  256.3000  204.1400
  189.0000  352.7400
  171.6800  266.1800
  155.0500  293.3800
  155.0500  293.3800
  155.0500  293.3800
  145.5100  239.0000
  161.7500  205.1300
  105.5000  375.8200
  279.2100  359.0500
  264.6100  285.8100
  258.4000  169.3000
  244.1900  291.4000
  222.4000  291.7300
  217.8900  356.8800
  211.7000  174.8900
  173.5900  141.1100
  171.6500  170.6300
  162.3600  119.0800
  328.8900  351.7700
  297.4900  154.4300
  290.8500  405.9300
  253.5500  414.5000
  248.1200  344.1900
  246.1500  397.2300
  246.1500  397.2300
  213.1400  233.5700
  206.2200  302.4800
  206.2200  302.4800
  199.8400  363.0100
  199.8300  204.4800
  199.8300  204.4800
  197.0300  183.9800
  196.9400  378.3300
  194.5700  327.4200
  194.5700  327.4200
  182.8500  156.1400
  174.7300  290.4000
  142.9200  388.4400
  119.7400  417.6100
   99.5400  431.9400
   83.6200  404.6900
  303.9200  235.1200
  301.7600  250.4600
  264.6800  240.3600
  262.4700  326.3600
  253.5300  386.2200
  245.3700  195.1500
  226.2200  395.2500
  220.7000  422.6900
  220.9100  276.6400
  204.8400  317.2000
  204.5400  342.2400
  196.5100  160.2800
  190.0500  432.2000
  172.2000  371.0500
  170.1900  443.9700
  157.2400  274.0500
  157.9700  255.0300
  157.9100  223.3000
  156.3600  174.7800
  123.2800  175.9600
  106.1600  111.8600
  314.6700  372.2700
  314.6700  372.2700
  300.8100  191.8300
  269.8600  386.2000
  249.3500  301.4500
  237.9100  231.8600
  233.5900  124.3300
  231.4000  301.0600
  226.1800  119.3600
  221.2700  368.5800
  221.0100  276.4400
  218.0600  345.8100
  207.7200  410.4600
  198.5400  413.9500
  192.0300  213.4600
  182.7900  233.4100
  182.7900  233.4100
  182.7900  233.4100
  171.3400  371.6900
  166.0000  115.0700
  157.5200  223.5900
  156.3200  157.7500
  154.8800  343.7700
  151.8600  399.2300
  151.8600  399.2300
  151.5900  184.8100
  140.5300  354.7800
  140.5300  354.7800
  139.0600  252.5800
  139.4300  203.1900
  135.5500  347.4500
  133.2700  184.4500
  132.3600  167.6300
  125.2000  125.7100
  119.5500  356.2300
  111.5300  436.8700
  106.3100  365.5400
  322.0900  367.5100
  314.5500  232.1300
  310.7600  177.7300
  303.0800  181.5300
  301.0100  190.4300
  274.4900  372.3800
  272.5000  116.4800
  264.8800  138.7200
  256.2800  389.5700
  255.1400  240.7900
  239.4300  413.3600
  237.9500  257.7900
  238.2800  194.3000
  237.0500  295.2600
  221.9200  154.0900
  207.9500  421.6900
  208.3100  371.8400
  187.8700  389.0600
  187.8700  389.0600
  183.9400  323.6900
  183.9300  181.3100
  183.5300  159.0700
  183.1400  199.4100
  181.1400  395.4100
  178.9200  214.4500
  163.6600  126.9100
  160.8700  390.5800
  144.6600  373.9300
  143.0900  312.2400
  132.2500  111.1600
  128.2600  345.7600
  126.1300  113.8600
  120.6500  348.0900
  119.0500  136.2600
  110.6300  422.1900
  106.6000  393.1300
   94.8000  419.4100
   90.1900  394.3500
   73.1600  404.2700
  325.3100  446.5000
  295.4000  358.9300
  287.0100  345.6500
  245.6700  392.6400
  243.8800  170.1000
  233.9100  388.9400
  230.5600  239.3200
  230.5600  239.3200
  222.0000  259.6300
  209.9600  163.0600
  209.9600  163.0600
  208.9500  309.5900
  201.3700  210.7300
  201.3700  210.7300
  197.6000  449.1600
  197.9900  423.0900
  193.2400  314.2900
  193.4700  173.0000
  189.1700  368.2700
  189.1700  368.2700
  184.8200  151.3500
  183.9100  224.2000
  183.7500  164.9900
  179.7500  214.3600
  178.4400  205.4300
  172.8400  168.7600
  169.0600  284.9400
  166.2800  420.3800
  161.2200  349.9900
  161.2200  349.9900
  159.9100  361.6200
  157.6500  384.6600
  150.8400  318.3800
  147.1600  333.6000
  147.1600  333.6000
  145.9000  322.1000
  145.1800  124.0600
  143.8800  286.3200
  143.7600  215.8300
  143.7600  215.8300
  143.0400  160.8500
  143.0400  160.8500
  142.8100  260.2800
  138.7300  306.0900
  138.7300  306.0900
  136.8800  273.5500
  131.2300  129.9700
  130.9700  121.6400
  119.7200  434.6600
  109.2000  414.7800
   94.8400  452.9500
   80.7900  438.9600
  322.6000  145.1200
  314.0700  439.6600
  313.9200  255.0500
  312.7400  359.9200
  307.2100  184.0600
  300.7800  148.1300
  300.3000  184.3600
  294.8500  358.6000
  290.7500  141.7100
  289.0900  306.7300
  289.0900  306.7300
  274.3000  393.0800
  271.7700  295.8900
  270.4200  432.2400
  267.4400  133.4300
  261.1200  114.4400
  259.7500  364.3100
  256.4700  224.1600
  253.2900  262.0900
  253.2900  262.0900
  252.4600  256.1700
  252.4600  256.1700
  250.0200  237.4000
  245.8700  392.5200
  238.6400  392.4900
  237.7100  426.2900
  235.3400  240.6500
  233.8800  429.0900
  233.9200  422.7300
  233.0900  307.7400
  231.3500  193.2600
  230.2600  186.1400
  226.8000  102.6800
  224.3100  185.9400
  209.6400  350.9700
  201.4800  437.1700
  200.6500  289.5500
  200.1100  302.0900
  196.3100  453.4900
  191.8000  435.7200
  192.1600  283.1000
  191.2800  165.6700
  191.2800  165.6700
  189.5100  305.6800
  187.2100  309.4100
  185.1000  134.8800
  184.0400  312.6500
  183.2300  208.8300
  175.2400   99.3600
  171.2900  321.2400
  168.7100  285.0200
  168.6200  439.7800
  158.3900  369.7500
  155.6500  394.3100
  154.1700  311.2200
  152.1400  427.2000
  144.9800  179.9900
  144.6000  234.4800
  144.6000  234.4800
  142.3500  367.9500
  141.8500  189.8300
  141.2200  259.8100
  141.0400  221.9600
  140.2400  318.0800
  138.3400  179.1500
  129.4600  355.3000
  129.5900  287.2000
  129.3400  279.3900
  129.3400  279.3900
  120.3100  147.7700
  118.7100  114.1600
  118.7100  114.1600
  118.2300  142.6100
  117.4500  128.3000
  113.4600  362.0900
  113.4600  362.0900
  111.0600  358.2000
  111.0600  358.2000
  105.2900  411.6700
  105.2900  411.6700
  105.0100  361.9800
   99.7600  364.7700
   93.9000  399.5900
   93.9000  399.5900
   91.5000  430.9200
   71.8400  411.4000
  339.5500  267.9900
  324.4700  168.0800
  323.6500  156.2800
  312.4100  230.6200
  304.3100  153.2300
  299.3900  252.4500
  293.7700   97.5300
  293.7700   97.5300
  293.6900  425.1500
  291.9100  162.5700
  291.5300  266.5300
  291.4500  152.3900
  290.8900  145.6200
  290.0100  137.0700
  290.0500  132.3100
  290.0500  132.2600
  289.6000  330.7000
  288.9400  340.4300
  285.1100  387.7100
  282.7900  257.7200
  279.9600  167.1700
  279.9600  167.1700
  273.8600  123.4300
  273.5200  157.7700
  273.0500  380.0400
  271.6800  127.2300
  271.1100  141.7700
  271.1100  141.7700
  270.5000  366.4700
  269.9000   97.4400
  268.6200  412.4600
  268.4100  138.7400
  265.8800  154.2100
  265.3700  109.8500
  253.5000  234.5500
  251.7700  436.8800
  250.6300   95.6500
  244.7400  239.0200
  244.1900  142.3800
  243.6800  426.5500
  241.8000  214.3200
  241.2100  189.5300
  241.2100  189.5300
  240.8700  183.4900
  239.9400  352.0500
  239.4500  175.0900
  237.2400  329.7900
  237.2000  150.2600
  235.7100  251.6500
  233.9000  408.0000
  233.6100  418.1700
  233.6800  413.4500
  228.9700  206.9500
  228.9700  206.9500
  224.6700  445.1400
  217.6600  416.6300
  216.7200  214.6700
  216.7200  214.6700
  216.7000  451.6000
  215.4300  163.3000
  214.8000  206.7400
  213.2300  453.7300
  212.8300  228.8600
  210.3300  410.4700
  210.3300  410.4700
  210.3700  218.2400
  210.1800  293.8800
  208.8400  416.9300
  207.4900  284.4600
  206.5500  396.1100
  204.9400  438.3100
  203.4200  177.0900
  203.4400  170.4000
  201.8100  445.2500
  200.0000  173.6000
  199.6100  296.4000
  198.2000  284.9900
  198.4200  210.3800
  197.7200  428.5100
  195.6300  449.5700
  191.6100  112.6400
  191.6100  112.6400
  190.2100  454.8700
  188.5200  386.4700
  187.5900  206.9500
  186.6000  390.5100
  183.8100  379.8300
  183.2700  306.0200
  182.8700  271.3000
  183.1400  219.4300
  182.6300  188.5300
  180.1100   99.6200
  179.4400  383.1400
  179.4400  383.1400
  177.4800  452.7900
  173.0600  209.1100
  169.4900   99.2900
  168.9400  300.6500
  166.8200  340.0500
  165.3300  300.4400
  164.9500  282.2700
  164.5400  363.2200
  159.6700  395.8200
  158.7700  345.8000
  156.4100  188.3900
  156.2800  365.9800
  156.2800  365.9800
  153.9800  190.9600
  151.6300  345.6500
  150.8100  338.2200
  149.1600  438.3900
  149.0300  101.1000
  148.0000  267.8100
  147.5700  190.7400
  147.2900  444.4100
  145.5600  355.3200
  145.1900  435.0000
  144.7100  404.7900
  144.5300  429.3200
  141.9700  439.7000
  142.2900  310.7000
  141.7500  342.5900
  138.5500  414.0000
  138.5300  366.7600
  136.5800  361.2600
  136.3500  218.9300
  134.3300  367.6500
  134.2600  390.0100
  132.6000  419.6400
  132.6000  419.6400
  132.1900  327.2700
  129.9100  363.4000
  127.4600  322.2100
  119.4800  439.9100
  114.3500  411.0700
  113.4200  440.1600
  111.2500  103.5000
  103.2400   91.0000
  100.4300   94.5600
   98.5000  446.6300
   96.5000   89.4500
   96.0200  437.0700
   96.0200  437.0700
   92.5700  375.0300
   84.7000  392.2400
   76.1900  398.3800
  336.2100  306.4600
  327.0000  257.3300
  324.5000  426.4500
  324.3500  210.8800
  324.3500  210.8800
  322.9800  213.3000
  322.3400  294.6400
  321.5300  375.8500
  321.3900  192.0100
  317.9100  256.5200
  318.1600  210.4900
  318.1600  210.4900
  316.3100  187.4800
  309.5700  332.5500
  300.1900  381.5900
  299.9200  133.4100
  299.9200  133.4100
  296.8200  171.9700
  296.8200  171.9700
  295.6800  169.4800
  292.1000  176.2000
  289.0100  269.9800
  289.0100  269.9800
  286.8100  272.8500
  286.8100  272.8500
  284.9400  221.3400
  284.9400  221.3400
  282.5600  337.3100
  282.0100  187.1200
  281.4100  182.4000
  281.2400  349.8200
  278.3800  160.8500
  274.6000  140.8700
  273.8600  173.9900
  270.9500  420.9900
  265.9000  367.5800
  264.8500  130.7900
  262.4900  391.1200
  260.3900  254.3400
  252.6900  226.6400
  252.0000  183.6100
  252.0000  183.6100
  251.0900  412.1700
  248.3200  178.3500
  247.7900  164.1800
  245.7400  339.0300
  242.8800  111.0300
  242.2000  450.2500
  238.2200  170.2500
  234.9200  236.1500
  232.9500  251.7600
  229.8200  132.4500
  229.4400  285.9500
  229.4400  285.9500
  229.0900  246.5800
  229.0900  246.5800
  223.8000  235.5800
  223.1300  363.8300
  221.9900  207.4100
  222.0100  148.6200
  221.5500  249.8400
  221.2300  197.1800
  220.5200  284.5600
  216.4800  221.9000
  215.0900  211.5600
  214.5000  335.9400
  214.4500  195.8400
  213.2800  234.7600
  213.7700  188.2200
  213.4400  183.6000
  213.4400  183.6000
  213.0800  285.1600
  212.5500  176.8300
  211.2100  439.1100
  208.9400  441.7100
  209.1600  241.4900
  208.6800  214.7000
  204.5500  369.6800
  202.8200  421.6500
  197.7200  284.1900
  195.2800  147.2800
  187.1600  231.2300
  186.4200  116.2500
  185.3900  147.4700
  184.7800  228.9400
  183.3700  222.2400
  183.0400  251.0800
  183.0400  251.0800
  183.2000  241.9700
  183.2200  102.2500
  182.0900  169.9200
  180.8000  340.3000
  180.8000  340.3000
  179.7900  196.6000
  179.1100  233.6000
  179.1100  233.6000
  167.8600  108.9200
  167.0400  175.8400
  167.1900  101.9600
  166.2400  382.5700
  163.4100  312.3400
  162.0800  191.5700
  161.6000  361.2400
  161.6900  101.0400
  161.1000  179.2800
  159.0900  183.4800
  156.3600  100.7400
  155.0600  245.9600
  155.0200  229.0000
  155.1400  183.2500
  153.5000   98.7400
  153.0000  243.0600
  151.9700  102.4000
  151.3900  391.4500
  150.2500  335.2500
  150.1100  182.8000
  148.3100  164.2100
  147.8200  140.3500
  145.5200  251.6800
  145.5200  251.6800
  145.7400  138.3300
  145.2000  210.4200
  145.1400  204.7000
  139.8000  332.4300
  136.8000  117.3400
  136.5600  186.2400
  135.0300  296.5400
  135.1500  172.8900
  132.9300  271.0700
  131.7100  268.7500
  131.7100  268.7500
  130.6100  366.9300
  130.5200  320.7000
  129.9100  153.6800
  130.0000  115.4100
  129.1100  293.8300
  129.1100  293.8300
  128.8600  290.7500
  127.4700  151.3500
  127.4300  128.3800
  127.4000  122.4800
  124.0100  104.3700
  117.0600  153.8700
  116.4900  141.6000
  113.6200   91.1300
  111.4300  409.2200
  109.4800  108.7400
  107.9700  105.3300
  107.9700  105.3300
  103.1600   99.2800
   70.1200  412.9100
